ENVI ASCII Plot File [Wed Nov 22 11:44:52 2017]
Column 1: Wavelength
Column 2: Mean: scbi_id_species [Species=Ailanthus altissima]~~2##255,0,0
Column 3: Mean: scbi_id_species [Species=Ailanthus altissima (mature female)]~~22##0,139,0
Column 4: Mean: scbi_id_species [Species=Ailanthus altissima (mature)]~~4##0,0,255
Column 5: Mean: scbi_id_species [Species=Juglans nigra]~~5##255,255,0
Column 6: Mean: scbi_id_species [Species=Juglans nigra (mature female)]~~6##0,255,255
Column 7: Mean: scbi_id_species [Species=Juglans nigra (mature)]~~7##255,0,255
   383.657898    152.925926    174.614035    217.176471    148.115385    194.833333    134.272727
   388.665588    181.629630    195.894737    229.000000    166.192308    223.000000    151.333333
   393.673309    195.629630    202.017544    234.294118    168.153846    212.000000    160.030303
   398.681000    154.185185    162.105263    188.058824    135.230769    169.166667    119.696970
   403.688812    128.851852    143.421053    158.941176    116.923077    150.500000    103.696970
   408.696503    139.555556    159.561404    186.941176    124.846154    173.000000    114.000000
   413.704193    144.444444    162.719298    185.235294    131.076923    164.833333    116.515152
   418.711914    140.481481    158.035088    181.000000    127.807692    163.000000    114.666667
   423.719604    142.222222    163.859649    181.941176    128.961538    175.500000    115.515152
   428.727386    153.851852    179.754386    209.352941    139.153846    196.500000    126.151515
   433.735107    153.222222    177.894737    195.588235    137.384615    196.666667    121.151515
   438.742798    151.629630    176.964912    196.823529    133.500000    192.000000    118.727273
   443.750488    151.925926    185.631579    201.117647    138.807692    191.333333    119.575758
   448.758209    147.518519    183.245614    195.705882    132.384615    181.500000    110.818182
   453.765900    147.037037    184.017544    197.117647    133.307692    180.000000    109.787879
   458.773712    149.740741    186.719298    197.882353    135.538462    184.666667    111.636364
   463.781403    144.037037    186.140351    197.294118    132.115385    187.333333    106.848485
   468.789093    140.037037    181.561404    188.235294    130.230769    173.333333    104.878788
   473.796814    141.592593    183.070175    193.823529    130.653846    182.500000    103.939394
   478.804504    146.148148    190.263158    199.647059    136.923077    191.333333    109.393939
   483.812195    150.000000    194.000000    205.352941    139.576923    191.166667    109.121212
   488.820007    139.703704    184.754386    193.235294    130.653846    185.500000    103.606061
   493.827698    138.111111    183.894737    190.117647    130.384615    176.166667    101.666667
   498.835388    146.481481    196.350877    206.647059    141.346154    195.666667    108.818182
   503.843109    144.740741    199.456140    206.058824    144.307692    196.333333    105.242424
   508.850800    155.000000    221.526316    230.176471    160.192308    215.666667    116.757576
   513.858582    181.259259    261.333333    270.588235    191.769231    263.000000    133.727273
   518.866272    215.777778    313.666667    322.941176    229.461538    308.500000    158.272727
   523.874023    249.037037    366.052632    383.000000    272.500000    361.333333    179.575758
   528.881714    301.296296    436.578947    453.235294    327.961538    425.500000    210.000000
   533.889404    339.666667    492.122807    509.176471    374.961538    480.666667    233.303030
   538.897095    370.666667    536.017544    557.352941    407.769231    519.666667    252.151515
   543.904907    385.814815    563.859649    584.588235    425.923077    542.166667    262.090909
   548.912598    399.629630    581.298246    602.588235    438.692308    555.500000    268.727273
   553.920288    407.851852    598.771930    619.882353    449.346154    569.833333    275.121212
   558.927979    409.185185    604.789474    622.058824    450.076923    575.833333    278.727273
   563.935730    381.703704    575.315789    588.588235    421.038462    539.000000    260.272727
   568.943420    355.074074    541.684211    550.823529    392.153846    507.500000    244.575758
   573.951172    326.000000    506.315789    515.294118    361.730769    475.166667    227.030303
   578.958923    297.777778    470.333333    472.235294    330.961538    439.000000    209.000000
   583.966614    283.259259    456.508772    451.823529    310.461538    416.000000    200.939394
   588.974304    271.925926    440.719298    433.235294    297.384615    401.833333    194.848485
   593.981995    263.592593    431.824561    424.176471    287.961538    389.166667    186.242424
   598.989807    256.925926    426.964912    416.117647    283.692308    381.833333    182.636364
   603.997498    259.777778    431.912281    416.294118    279.846154    382.166667    182.666667
   609.005188    250.370370    421.385965    405.000000    267.730769    366.000000    176.212121
   614.012878    239.740741    402.473684    386.176471    253.461538    349.500000    171.090909
   619.020630    227.814815    387.438596    370.823529    243.153846    337.000000    163.848485
   624.028320    224.555556    374.526316    358.294118    233.115385    325.000000    160.787879
   629.036072    221.518519    373.263158    353.235294    232.076923    318.500000    157.818182
   634.043823    217.888889    369.736842    352.941176    226.653846    313.333333    156.696970
   639.051514    215.000000    358.456140    342.176471    221.538462    311.333333    154.363636
   644.059204    204.444444    340.473684    328.705882    211.000000    295.000000    149.060606
   649.066895    198.888889    315.087719    309.176471    199.076923    273.666667    141.181818
   654.074585    188.111111    299.298246    294.352941    189.192308    266.166667    135.757576
   659.082397    183.629630    284.298246    277.941176    180.038462    249.166667    131.727273
   664.090088    174.703704    264.666667    264.823529    169.538462    232.000000    129.515152
   669.097778    168.333333    248.157895    251.941176    162.076923    224.666667    124.181818
   674.105530    180.444444    255.596491    269.058824    169.384615    223.333333    133.545455
   679.113220    173.740741    249.333333    253.882353    163.807692    224.500000    126.121212
   684.120911    192.703704    280.982456    285.411765    186.461538    252.833333    140.727273
   689.128723    240.444444    365.000000    361.588235    233.500000    308.833333    175.303030
   694.136414    312.074074    501.035088    488.000000    315.923077    425.666667    225.515152
   699.144104    465.111111    743.807018    724.941176    477.269231    625.000000    324.909091
   704.151794    692.777778   1074.263158   1041.705882    711.576923    901.833333    460.878788
   709.159485    985.333333   1474.912281   1448.647059   1000.423077   1221.000000    630.060606
   714.167297   1299.185185   1874.280702   1867.823529   1314.038462   1553.666667    818.575758
   719.174988   1627.925926   2246.070175   2271.647059   1644.153846   1860.833333   1031.272727
   724.182678   2077.703704   2786.000000   2874.588235   2099.807692   2311.333333   1323.878788
   729.190430   2542.888889   3292.315789   3473.647059   2577.615385   2752.833333   1641.393939
   734.198120   3065.666667   3909.000000   4221.411765   3147.230769   3297.166667   2013.333333
   739.205811   3512.111111   4386.070175   4829.882353   3634.692308   3755.166667   2346.090909
   744.213623   3903.888889   4814.824561   5373.117647   4057.153846   4163.166667   2649.696970
   749.221313   4172.592593   5083.473684   5723.764706   4353.269231   4436.833333   2871.515152
   754.229004   4355.333333   5272.421053   5974.411765   4566.346154   4628.166667   3030.090909
   759.236694   4440.148148   5368.982456   6069.352941   4738.307692   4802.666667   3158.303030
   764.244385   4552.481481   5419.473684   6105.882353   4833.500000   4696.666667   3237.515152
   769.252075   4651.814815   5560.964912   6345.352941   4892.576923   4894.666667   3292.151515
   774.259888   4690.888889   5612.982456   6433.764706   4934.461538   4970.500000   3323.030303
   779.267578   4739.148148   5655.385965   6494.235294   4988.153846   5027.166667   3363.848485
   784.275330   4738.185185   5667.754386   6496.882353   5002.769231   5047.500000   3377.696970
   789.283020   4699.222222   5610.157895   6449.588235   4952.038462   5002.000000   3353.151515
   794.290710   4715.518519   5622.122807   6452.647059   4976.807692   5012.333333   3374.575758
   799.298523   4698.814815   5594.754386   6434.352941   4948.692308   4984.833333   3363.212121
   804.306213   4700.148148   5592.789474   6441.764706   4955.923077   4977.666667   3370.151515
   809.313904   4660.222222   5562.070175   6412.470588   4929.884615   4994.166667   3363.212121
   814.321594   4455.740741   5292.614035   6067.470588   4723.192308   4752.500000   3231.545455
   819.329285   4504.703704   5326.035088   6116.823529   4760.538462   4762.000000   3259.696970
   824.336975   4594.629630   5441.596491   6253.529412   4854.461538   4849.833333   3327.181818
   829.344788   4581.037037   5429.385965   6275.705882   4853.884615   4889.000000   3320.757576
   834.352478   4662.407407   5516.140351   6372.529412   4918.653846   4948.666667   3375.787879
   839.360229   4828.148148   5719.842105   6627.000000   5094.769231   5142.000000   3495.303030
   844.367920   4934.259259   5844.017544   6776.529412   5203.807692   5247.333333   3575.454545
   849.375610   4980.888889   5895.859649   6850.823529   5253.807692   5323.333333   3607.696970
   854.383301   4987.777778   5904.228070   6872.058824   5262.846154   5329.833333   3627.272727
   859.391113   5005.629630   5911.368421   6875.882353   5273.730769   5317.833333   3632.363636
   864.398804   5057.592593   5974.701754   6951.000000   5331.615385   5400.000000   3674.848485
   869.406494   5051.222222   5969.912281   6948.705882   5332.615385   5394.166667   3675.333333
   874.414185   5029.185185   5927.561404   6923.705882   5301.269231   5347.000000   3655.060606
   879.421875   5031.666667   5945.122807   6937.294118   5318.346154   5383.000000   3669.606061
   884.429688   5028.222222   5934.350877   6928.176471   5311.346154   5384.500000   3668.333333
   889.437378   4972.333333   5861.070175   6846.529412   5256.076923   5319.500000   3623.000000
   894.445129   4707.222222   5546.087719   6451.176471   5001.423077   5070.333333   3459.181818
   899.452820   4523.518519   5304.245614   6160.235294   4792.615385   4807.000000   3326.909091
   904.460510   4600.666667   5398.245614   6269.352941   4880.230769   4897.833333   3376.060606
   909.468201   4425.333333   5190.578947   6049.000000   4708.384615   4743.000000   3274.363636
   914.476013   4271.037037   4993.175439   5808.764706   4529.230769   4531.500000   3151.363636
   919.483704   4392.037037   5134.315789   5991.588235   4668.500000   4652.500000   3236.181818
   924.491394   4370.185185   5114.491228   5981.470588   4650.230769   4700.000000   3223.545455
   929.499084   3836.740741   4515.736842   5247.823529   4101.000000   4209.166667   2897.484848
   934.506775   3431.296296   3912.596491   4565.176471   3531.615385   3621.166667   2669.333333
   939.514526   3498.814815   3991.473684   4651.470588   3635.115385   3644.333333   2649.636364
   944.522278   3378.851852   3872.929825   4534.411765   3527.461538   3567.333333   2573.363636
   949.530029   3307.037037   3779.403509   4424.647059   3462.692308   3515.166667   2509.787879
   954.537720   3309.703704   3784.456140   4447.058824   3484.346154   3527.833333   2485.606061
   959.545410   3408.925926   3878.280702   4571.705882   3582.884615   3592.500000   2528.636364
   964.553101   3698.185185   4214.964912   4986.647059   3903.500000   3889.000000   2717.909091
   969.560913   4064.259259   4650.824561   5503.882353   4295.923077   4319.500000   2960.515152
   974.568604   4044.407407   4647.877193   5523.823529   4296.153846   4355.666667   2965.969697
   979.576294   4159.333333   4767.052632   5669.411765   4406.384615   4451.500000   3035.969697
   984.583984   4404.888889   5050.298246   6016.294118   4656.115385   4711.333333   3200.575758
   989.591675   4556.074074   5234.877193   6260.470588   4816.384615   4889.000000   3315.545455
   994.599426   4679.037037   5392.807018   6438.352941   4962.730769   5047.500000   3413.151515
   999.607178   4764.555556   5483.087719   6551.588235   5039.576923   5128.166667   3476.272727
  1004.614929   4778.074074   5508.245614   6576.941176   5053.538462   5142.500000   3493.787879
  1009.622620   4847.333333   5583.350877   6654.823529   5120.423077   5200.000000   3541.454545
  1014.630310   4909.666667   5654.385965   6751.529412   5188.153846   5285.166667   3594.636364
  1019.638000   4960.407407   5714.368421   6821.000000   5233.961538   5333.166667   3637.121212
  1024.645752   5009.481481   5780.245614   6883.294118   5288.961538   5367.833333   3677.303030
  1029.653442   5070.481481   5850.894737   6965.411765   5349.307692   5422.500000   3722.696970
  1034.661255   5084.407407   5877.842105   6998.823529   5363.538462   5448.000000   3741.969697
  1039.668945   5137.444444   5936.017544   7053.470588   5423.384615   5497.333333   3779.151515
  1044.676636   5165.962963   5971.824561   7095.764706   5455.730769   5548.833333   3807.848485
  1049.684326   5189.185185   6006.157895   7137.764706   5484.615385   5565.166667   3830.787879
  1054.692139   5207.074074   6033.859649   7163.882353   5508.923077   5585.166667   3850.121212
  1059.699829   5223.777778   6056.385965   7199.764706   5529.000000   5606.333333   3865.575758
  1064.707520   5239.444444   6065.105263   7206.588235   5541.769231   5617.500000   3880.000000
  1069.715210   5218.407407   6046.421053   7180.235294   5514.230769   5595.500000   3868.090909
  1074.722900   5170.518519   5990.350877   7119.294118   5471.846154   5545.166667   3833.393939
  1079.730591   5118.185185   5918.912281   7035.176471   5395.076923   5483.500000   3787.909091
  1084.738403   5034.333333   5818.877193   6914.941176   5315.038462   5378.833333   3731.303030
  1089.746094   4980.592593   5758.982456   6849.941176   5259.730769   5346.833333   3692.848485
  1094.753784   4833.296296   5580.736842   6628.352941   5117.230769   5189.000000   3592.181818
  1099.761475   4556.962963   5255.771930   6237.411765   4826.615385   4885.000000   3392.757576
  1104.769165   4354.259259   5021.649123   5959.823529   4617.923077   4650.500000   3246.545455
  1109.776855   4078.074074   4702.982456   5568.000000   4336.230769   4412.166667   3056.696970
  1114.784668   3550.000000   4101.070175   4881.882353   3769.615385   3871.833333   2716.696970
  1119.792358   2938.148148   3291.473684   3893.235294   2994.192308   3135.500000   2312.000000
  1124.800049   2913.259259   3206.017544   3817.470588   2890.423077   3090.500000   2316.666667
  1129.807739   3063.333333   3417.421053   4072.470588   3105.307692   3196.833333   2387.696970
  1134.815552   2961.740741   3293.859649   3948.470588   3024.076923   3115.833333   2281.363636
  1139.823242   2917.037037   3288.385965   3929.117647   3050.384615   3143.833333   2192.333333
  1144.831055   2609.740741   2940.701754   3555.294118   2699.923077   2854.000000   2010.181818
  1149.838745   2565.592593   2858.070175   3447.352941   2642.846154   2749.333333   1931.484848
  1154.846436   2638.740741   2937.736842   3539.705882   2755.846154   2808.500000   1951.030303
  1159.854126   2938.962963   3306.929825   3981.294118   3091.576923   3134.500000   2137.787879
  1164.861816   3153.851852   3569.877193   4312.588235   3338.307692   3429.166667   2281.969697
  1169.869629   3331.592593   3771.105263   4541.235294   3525.730769   3612.333333   2398.909091
  1174.877319   3440.925926   3904.754386   4701.411765   3647.230769   3748.166667   2480.818182
  1179.885010   3468.851852   3945.070175   4760.529412   3686.615385   3802.333333   2504.969697
  1184.892700   3409.740741   3864.894737   4666.647059   3611.846154   3710.500000   2457.151515
  1189.900391   3494.629630   3950.929825   4767.529412   3692.192308   3790.000000   2506.303030
  1194.908081   3555.222222   4029.175439   4871.705882   3764.692308   3882.833333   2555.121212
  1199.915894   3506.555556   3974.754386   4802.411765   3713.846154   3833.000000   2520.696970
  1204.923584   3575.740741   4045.578947   4881.000000   3771.500000   3892.500000   2565.121212
  1209.931274   3607.592593   4086.157895   4947.705882   3811.615385   3939.666667   2590.939394
  1214.938965   3671.222222   4149.298246   5019.823529   3871.461538   3981.000000   2631.727273
  1219.946655   3788.037037   4287.052632   5190.529412   3997.000000   4124.000000   2714.575758
  1224.954346   3865.555556   4373.385965   5293.705882   4079.500000   4186.166667   2773.909091
  1229.962158   3965.925926   4494.122807   5448.294118   4188.576923   4380.000000   2845.454545
  1234.969849   4054.370370   4594.508772   5573.117647   4278.807692   4396.000000   2916.151515
  1239.977539   4107.296296   4653.473684   5641.235294   4336.615385   4451.166667   2951.212121
  1244.985352   4133.037037   4683.245614   5680.117647   4363.961538   4492.166667   2974.575758
  1249.993042   4189.925926   4736.491228   5740.470588   4412.192308   4517.666667   3011.939394
  1255.000854   4190.740741   4749.947368   5763.470588   4428.884615   4541.833333   3022.939394
  1260.008545   4182.962963   4741.070175   5748.705882   4420.500000   4537.833333   3018.939394
  1265.016235   4186.703704   4744.578947   5747.000000   4428.038462   4546.000000   3033.606061
  1270.023926   4249.037037   4801.771930   5806.117647   4492.923077   4567.833333   3072.727273
  1275.031616   4216.111111   4770.228070   5781.647059   4448.730769   4558.166667   3044.454545
  1280.039307   4145.259259   4684.315789   5685.529412   4370.192308   4466.000000   2991.606061
  1285.047119   4101.222222   4649.859649   5656.705882   4332.346154   4459.333333   2964.060606
  1290.054810   4015.074074   4533.456140   5507.235294   4229.884615   4330.500000   2887.333333
  1295.062500   3892.592593   4404.017544   5356.941176   4109.576923   4228.333333   2804.424242
  1300.070190   3779.148148   4281.596491   5190.294118   3987.538462   4119.166667   2720.727273
  1305.077881   3611.148148   4095.140351   4969.647059   3833.423077   3939.333333   2609.787879
  1310.085571   3432.518519   3887.964912   4705.235294   3636.230769   3746.833333   2463.939394
  1315.093384   3226.814815   3659.526316   4429.000000   3427.038462   3503.333333   2310.878788
  1320.101074   3044.888889   3453.000000   4170.941176   3232.576923   3342.166667   2173.727273
  1325.108765   2886.962963   3278.052632   3959.176471   3067.576923   3174.333333   2055.636364
  1330.116455   2332.851852   2652.403509   3201.941176   2472.461538   2591.333333   1677.757576
  1335.124146   2259.185185   2563.736842   3087.235294   2384.538462   2476.166667   1611.818182
  1340.131958   2157.296296   2455.140351   2946.529412   2284.115385   2393.833333   1531.515152
  1345.139648   1694.222222   1951.824561   2347.352941   1787.269231   1933.333333   1238.090909
  1350.147461   1730.185185   1911.649123   2339.470588   1695.692308   1863.666667   1370.454545
  1355.155151  13934.962963  14800.508772  14534.588235  13671.807692  14998.000000  13262.545455
  1360.162842  14967.518519  14998.000000  14534.588235  14998.000000  14998.000000  14998.000000
  1365.170532  14967.518519  14998.000000  14534.588235  14998.000000  14998.000000  14998.000000
  1370.178345  14967.518519  14998.000000  14534.588235  14998.000000  14998.000000  14998.000000
  1375.186035  14967.518519  14998.000000  14534.588235  14998.000000  14998.000000  14543.515152
  1380.193726  14967.518519  14998.000000  14534.588235  14998.000000  14998.000000  14998.000000
  1385.201416  14967.518519  14998.000000  14534.588235  14998.000000  14998.000000  14998.000000
  1390.209106  14967.518519  14998.000000  14534.588235  14998.000000  14998.000000  14998.000000
  1395.216797  14967.518519  14998.000000  14140.235294  14998.000000  14998.000000  14998.000000
  1400.224609  14707.851852  14578.350877  14534.588235  14548.384615  14998.000000  14465.000000
  1405.232300  12973.592593  13296.789474  14319.529412  11793.153846  14366.833333  13646.727273
  1410.239990   4686.148148   4565.122807   5593.235294   3537.576923   4377.666667   4501.212121
  1415.247681   1167.962963   1249.368421   1482.352941    930.192308   1640.000000   1193.393939
  1420.255371    655.777778    681.947368   1067.941176    598.269231    810.000000    630.878788
  1425.263184    363.962963    381.929825    455.294118    299.461538    352.333333    323.666667
  1430.270874    334.037037    385.192982    458.647059    309.730769    395.166667    293.727273
  1435.278564    376.666667    404.245614    504.588235    327.538462    501.666667    328.060606
  1440.286255    331.074074    348.000000    425.235294    299.538462    419.166667    301.727273
  1445.293945    325.592593    334.508772    378.470588    296.076923    506.166667    241.666667
  1450.301758    304.444444    353.666667    412.823529    299.307692    347.500000    225.636364
  1455.309448    316.814815    366.122807    415.000000    313.538462    361.333333    228.545455
  1460.317261    327.629630    381.771930    429.941176    334.923077    392.833333    234.000000
  1465.324951    356.518519    413.754386    472.941176    357.769231    441.166667    253.151515
  1470.332642    329.074074    375.894737    411.176471    336.115385    377.333333    245.393939
  1475.340332    376.222222    447.824561    511.000000    391.500000    457.333333    264.363636
  1480.348022    366.444444    429.736842    479.588235    371.153846    421.500000    256.303030
  1485.355835    389.037037    467.157895    519.941176    411.807692    460.833333    272.363636
  1490.363525    504.111111    597.912281    669.352941    524.423077    582.000000    337.303030
  1495.371216    565.851852    680.649123    756.588235    594.269231    654.833333    376.818182
  1500.378906    642.074074    776.473684    869.117647    678.038462    759.666667    427.575758
  1505.386597    694.888889    836.666667    938.529412    733.384615    813.000000    459.030303
  1510.394409    773.111111    934.736842   1048.588235    818.730769    915.833333    512.424242
  1515.402100    831.148148   1002.824561   1126.352941    877.576923    977.500000    550.030303
  1520.409790    896.296296   1077.473684   1210.235294    940.076923   1043.000000    591.757576
  1525.417480    948.222222   1139.701754   1280.941176    996.884615   1107.000000    624.545455
  1530.425171   1003.148148   1204.736842   1360.529412   1055.423077   1166.833333    662.909091
  1535.432861   1071.740741   1282.192982   1449.058824   1124.538462   1246.000000    706.424242
  1540.440674   1109.555556   1328.157895   1501.941176   1165.038462   1286.666667    732.575758
  1545.448364   1172.296296   1403.333333   1593.529412   1230.615385   1355.666667    774.515152
  1550.456055   1192.481481   1429.631579   1624.470588   1257.500000   1390.333333    791.484848
  1555.463745   1253.222222   1496.035088   1704.647059   1314.615385   1451.666667    831.787879
  1560.471558   1268.962963   1508.175439   1718.941176   1330.500000   1467.000000    842.575758
  1565.479248   1297.148148   1547.175439   1764.882353   1362.807692   1514.333333    862.090909
  1570.487061   1352.666667   1611.035088   1840.529412   1420.038462   1568.500000    901.636364
  1575.494751   1335.370370   1583.070175   1812.823529   1396.269231   1541.333333    889.212121
  1580.502441   1379.000000   1636.684211   1876.235294   1445.076923   1591.000000    922.696970
  1585.510132   1430.592593   1699.807018   1949.352941   1498.538462   1655.666667    955.606061
  1590.517822   1454.444444   1718.280702   1972.647059   1517.615385   1676.166667    968.333333
  1595.525513   1479.925926   1745.157895   2009.352941   1544.115385   1700.500000    987.757576
  1600.533325   1518.777778   1790.719298   2064.764706   1583.346154   1739.666667   1013.333333
  1605.541016   1565.074074   1849.000000   2132.470588   1640.038462   1796.166667   1049.393939
  1610.548706   1622.222222   1906.859649   2200.882353   1691.076923   1857.666667   1083.848485
  1615.556396   1605.222222   1890.526316   2180.705882   1676.423077   1836.500000   1076.272727
  1620.564087   1598.703704   1882.508772   2181.176471   1672.769231   1827.833333   1072.424242
  1625.571899   1658.037037   1947.596491   2249.882353   1729.038462   1885.000000   1109.030303
  1630.579590   1677.925926   1968.789474   2279.470588   1749.923077   1914.000000   1121.242424
  1635.587280   1674.592593   1966.596491   2279.352941   1749.346154   1905.500000   1124.545455
  1640.594971   1706.888889   1998.736842   2314.588235   1778.115385   1941.833333   1145.696970
  1645.602661   1708.259259   1997.210526   2310.235294   1772.846154   1932.500000   1140.939394
  1650.610352   1698.111111   1983.385965   2291.588235   1758.153846   1920.333333   1136.818182
  1655.618164   1702.851852   1981.508772   2290.529412   1763.192308   1917.833333   1139.515152
  1660.625854   1720.814815   2007.701754   2326.941176   1782.615385   1944.833333   1154.212121
  1665.633545   1699.851852   1979.561404   2295.764706   1762.576923   1919.500000   1138.454545
  1670.641357   1726.111111   2006.964912   2326.235294   1793.769231   1942.000000   1153.272727
  1675.649048   1719.370370   2001.649123   2325.058824   1791.307692   1951.500000   1151.666667
  1680.656738   1731.703704   2025.877193   2351.058824   1812.000000   1975.000000   1165.484848
  1685.664551   1696.148148   1982.947368   2309.470588   1776.807692   1940.666667   1146.393939
  1690.672241   1650.851852   1928.701754   2245.764706   1732.807692   1890.500000   1114.757576
  1695.679932   1629.000000   1896.368421   2206.176471   1704.730769   1860.166667   1096.939394
  1700.687622   1597.074074   1862.456140   2170.117647   1679.807692   1836.500000   1079.969697
  1705.695313   1562.777778   1827.385965   2127.705882   1647.730769   1812.666667   1062.242424
  1710.703125   1541.814815   1797.771930   2084.529412   1619.692308   1774.833333   1041.212121
  1715.710815   1530.111111   1787.228070   2081.058824   1610.192308   1764.000000   1031.454545
  1720.718506   1459.629630   1712.280702   1985.588235   1542.307692   1706.833333    986.696970
  1725.726196   1422.148148   1663.228070   1929.294118   1495.153846   1636.666667    958.818182
  1730.733887   1415.444444   1652.842105   1914.176471   1481.000000   1637.000000    950.272727
  1735.741577   1401.888889   1635.824561   1891.117647   1464.384615   1621.666667    941.303030
  1740.749390   1378.629630   1613.789474   1864.176471   1443.692308   1598.500000    927.121212
  1745.757080   1317.666667   1547.140351   1791.411765   1384.000000   1527.333333    884.909091
  1750.764771   1313.333333   1541.456140   1782.000000   1379.115385   1526.666667    886.272727
  1755.772461   1344.111111   1527.122807   1666.882353   1287.384615   1431.500000    828.121212
  1760.780151   1213.037037   1426.245614   1648.000000   1275.538462   1421.500000    817.030303
  1765.787842   1110.000000   1304.666667   1508.058824   1163.769231   1293.333333    749.696970
  1770.795654   1081.037037   1265.368421   1454.529412   1130.153846   1254.833333    727.484848
  1775.803345    953.148148   1125.438596   1291.294118   1004.807692   1123.666667    650.848485
  1780.811157    953.370370   1116.877193   1284.470588    996.500000   1107.166667    645.424242
  1785.818848    869.629630   1012.719298   1161.764706    897.269231    995.500000    590.000000
  1790.826538    851.666667   1014.754386   1165.647059    896.384615   1029.833333    595.333333
  1795.834351    634.222222    720.263158    849.647059    634.730769    703.166667    436.515152
  1800.842041    657.259259    757.859649    901.000000    675.653846    828.666667    483.030303
  1805.849731    512.962963    525.315789    668.058824    450.923077    544.500000    393.151515
  1810.857422    613.185185    598.771930    699.294118    510.961538    791.166667    458.787879
  1815.865112   1312.333333   1150.614035   1303.294118    997.038462   1425.333333    907.424242
  1820.872803   2641.925926   2844.807018   3892.411765   2199.153846   3683.666667   2712.393939
  1825.880615   2979.962963   3451.912281   4517.000000   2699.346154   3834.666667   3314.757576
  1830.888306  14749.592593  14008.947368  14534.588235  14729.923077  14998.000000  14371.636364
  1835.895996  14967.518519  14998.000000  14534.588235  14998.000000  14998.000000  14543.515152
  1840.903687  14967.518519  14208.631579  14534.588235  14998.000000  12498.333333  14998.000000
  1845.911377  14967.518519  14734.877193  13680.000000  14998.000000  14998.000000  14998.000000
  1850.919067  14967.518519  14734.877193  14534.588235  14998.000000  14998.000000  14998.000000
  1855.926880  13856.555556  14998.000000  13652.352941  14421.153846  14998.000000  14998.000000
  1860.934570  14967.518519  14471.754386  14534.588235  14421.153846  14998.000000  14543.515152
  1865.942261  14967.518519  13945.508772  14534.588235  14998.000000  14998.000000  14998.000000
  1870.949951  13856.555556  14734.877193  10254.823529  14998.000000  14998.000000  14998.000000
  1875.957642  13301.074074  14998.000000  13700.764706  14998.000000  14998.000000  14089.030303
  1880.965454  14412.037037  14400.631579  11991.647059  14421.153846  14998.000000  14998.000000
  1885.973145  14039.222222  13876.684211  13673.117647  12889.423077  14998.000000  13597.393939
  1890.980957  13373.592593  13887.368421  14534.588235  14979.384615  10575.833333  13923.666667
  1895.988647  14747.888889  13367.754386  12019.294118  12863.192308  13087.500000  13634.545455
  1900.996338  13314.148148  14998.000000  12860.058824  14421.153846  14998.000000  14998.000000
  1906.004028  14967.518519  14734.877193  11984.705882  14998.000000  14998.000000  14998.000000
  1911.011841  14967.518519  13649.964912  13652.352941  14261.576923  14998.000000  14089.030303
  1916.019531  12367.962963  12163.157895  10898.058824  11617.230769  10582.833333  10339.515152
  1921.027222   5894.592593   6223.929825   9544.411765   5436.307692   7066.166667   6083.848485
  1926.034912   3709.592593   3061.315789   4685.000000   2267.846154   2766.500000   3516.060606
  1931.042603   1456.518519   1666.333333   2860.000000   1291.653846   2278.666667   1693.515152
  1936.050293    669.074074    563.403509    874.117647    312.346154    653.166667    565.757576
  1941.058105    199.481481    280.070175    443.235294    206.076923    233.166667    262.484848
  1946.065796    151.333333    155.263158    256.117647    120.192308    282.333333    160.333333
  1951.073486     95.703704    104.140351    169.294118     77.653846    128.833333    100.484848
  1956.081177    141.407407    147.578947    139.529412    112.192308    179.333333    140.060606
  1961.088867    119.814815    129.017544    122.823529     90.153846    123.333333     93.242424
  1966.096680    111.703704    137.438596    142.176471    107.807692    166.333333     93.545455
  1971.104370    103.074074    131.140351    151.176471    109.000000    153.000000     79.242424
  1976.112061    115.333333    146.666667    162.352941    121.615385    164.166667     83.969697
  1981.119751    127.407407    165.350877    184.235294    135.076923    173.166667     92.606061
  1986.127441    135.666667    171.315789    186.529412    146.192308    187.500000     97.515152
  1991.135254    148.148148    186.473684    207.882353    156.230769    187.166667    103.424242
  1996.142944    149.037037    187.456140    207.176471    158.000000    198.333333    106.818182
  2001.150757    154.592593    184.543860    206.411765    161.384615    198.333333    112.575758
  2006.158447    220.703704    261.491228    310.000000    228.884615    280.166667    161.545455
  2011.166138    220.703704    267.789474    300.294118    233.269231    284.500000    153.666667
  2016.173828    209.296296    258.894737    282.411765    224.461538    255.666667    148.393939
  2021.181519    227.629630    282.140351    309.823529    243.230769    282.000000    159.696970
  2026.189331    242.518519    300.456140    324.294118    255.884615    308.833333    165.575758
  2031.197021    253.074074    314.438596    343.294118    268.076923    322.833333    173.848485
  2036.204712    273.851852    341.859649    376.058824    293.115385    344.000000    185.939394
  2041.212402    271.888889    343.491228    375.941176    296.269231    350.833333    188.757576
  2046.220093    297.703704    369.543860    402.764706    314.423077    381.333333    200.484848
  2051.227783    298.296296    373.298246    410.235294    323.000000    384.333333    206.818182
  2056.235596    315.148148    386.491228    422.058824    336.038462    393.000000    217.878788
  2061.243408    321.555556    401.192982    437.941176    345.423077    410.500000    222.757576
  2066.250977    335.222222    414.614035    459.235294    359.500000    419.000000    231.696970
  2071.258789    332.740741    425.000000    468.235294    366.423077    433.333333    235.545455
  2076.266357    362.814815    449.333333    492.000000    388.500000    457.833333    251.606061
  2081.274170    370.222222    458.578947    505.352941    395.500000    462.500000    254.242424
  2086.281982    381.407407    471.140351    524.647059    407.384615    483.833333    259.969697
  2091.289551    387.629630    481.842105    532.294118    413.884615    495.500000    269.878788
  2096.297363    397.888889    491.736842    546.352941    424.576923    503.333333    274.878788
  2101.304932    405.740741    500.087719    555.588235    431.576923    512.166667    279.121212
  2106.312744    420.370370    511.859649    572.117647    448.384615    523.833333    288.393939
  2111.320557    427.333333    522.228070    579.176471    455.846154    535.166667    291.969697
  2116.328125    428.037037    523.719298    582.941176    457.615385    542.500000    296.727273
  2121.335938    440.111111    540.070175    599.294118    469.307692    551.833333    302.878788
  2126.343506    456.000000    553.947368    621.000000    480.961538    567.333333    309.848485
  2131.351318    463.370370    568.719298    637.588235    496.884615    585.666667    320.666667
  2136.358887    469.555556    570.157895    639.352941    495.884615    585.500000    323.363636
  2141.366699    478.740741    579.824561    654.176471    507.230769    600.500000    328.727273
  2146.374512    479.444444    583.315789    658.117647    511.423077    600.833333    329.454545
  2151.382080    478.962963    579.807018    655.294118    508.076923    598.000000    330.060606
  2156.389893    495.296296    599.140351    681.176471    523.615385    616.500000    337.575758
  2161.397705    497.555556    602.087719    674.941176    526.500000    627.500000    341.303030
  2166.405518    509.296296    612.894737    693.705882    535.923077    633.000000    349.939394
  2171.413086    517.740741    620.719298    699.352941    544.884615    644.833333    353.666667
  2176.420898    516.592593    621.473684    703.000000    548.153846    637.333333    350.787879
  2181.428467    515.518519    622.070175    704.411765    544.961538    635.666667    356.393939
  2186.436279    517.629630    620.912281    705.705882    546.538462    638.833333    355.333333
  2191.443848    542.222222    651.122807    735.764706    572.884615    674.000000    370.636364
  2196.451660    536.074074    643.842105    728.882353    566.961538    661.666667    367.181818
  2201.459473    549.444444    657.000000    752.058824    580.346154    683.166667    377.909091
  2206.467041    555.814815    665.789474    756.705882    584.076923    685.000000    378.515152
  2211.474854    565.666667    679.263158    777.470588    601.615385    702.333333    388.818182
  2216.482422    565.592593    677.736842    774.764706    602.153846    691.666667    384.212121
  2221.490234    569.185185    688.543860    783.941176    608.692308    710.833333    391.303030
  2226.498047    569.962963    680.736842    784.176471    603.461538    707.000000    390.575758
  2231.505615    574.518519    685.719298    777.352941    609.230769    707.500000    391.818182
  2236.513428    562.222222    671.754386    764.411765    597.846154    691.166667    385.333333
  2241.520996    550.814815    659.122807    745.882353    582.384615    680.666667    377.939394
  2246.528809    534.296296    643.807018    728.705882    570.538462    662.166667    365.181818
  2251.536621    520.222222    630.000000    718.058824    553.153846    644.166667    359.363636
  2256.544189    508.037037    608.087719    688.470588    539.923077    637.166667    349.000000
  2261.552002    485.370370    583.157895    658.352941    518.576923    608.000000    334.757576
  2266.559814    465.037037    560.210526    634.235294    496.961538    593.833333    324.393939
  2271.567383    458.037037    548.333333    624.823529    485.884615    567.000000    315.787879
  2276.575195    439.481481    536.192982    612.470588    474.500000    564.333333    309.242424
  2281.583008    424.481481    513.508772    586.352941    456.923077    545.666667    296.121212
  2286.590576    417.740741    501.157895    572.235294    449.653846    547.333333    290.848485
  2291.598389    393.407407    474.438596    540.764706    424.769231    500.666667    279.636364
  2296.605957    378.703704    456.017544    515.000000    411.230769    492.666667    265.454545
  2301.613770    374.925926    450.754386    510.176471    402.807692    486.666667    260.212121
  2306.621338    369.888889    435.964912    505.529412    388.461538    468.833333    254.575758
  2311.629150    355.629630    426.140351    483.117647    378.230769    447.333333    244.000000
  2316.636963    336.555556    405.719298    454.705882    363.576923    443.666667    234.454545
  2321.644531    320.333333    392.894737    442.882353    345.269231    409.833333    228.030303
  2326.652344    323.222222    389.333333    439.294118    346.000000    416.166667    223.818182
  2331.659912    313.518519    379.719298    429.058824    335.423077    410.333333    218.878788
  2336.667725    303.740741    364.315789    409.941176    325.269231    384.833333    209.969697
  2341.675537    279.888889    339.719298    383.647059    297.038462    358.833333    200.000000
  2346.683105    271.407407    332.087719    363.764706    294.192308    362.833333    192.030303
  2351.690918    255.296296    308.789474    351.294118    271.692308    323.833333    180.606061
  2356.698486    267.333333    323.929825    360.764706    283.576923    340.166667    186.060606
  2361.706299    256.111111    310.947368    350.352941    273.115385    332.333333    175.212121
  2366.714111    242.222222    295.157895    330.176471    253.730769    309.500000    170.333333
  2371.721680    247.703704    292.385965    330.058824    252.615385    308.833333    166.606061
  2376.729492    223.037037    266.614035    298.529412    230.230769    275.000000    155.545455
  2381.737305    207.740741    241.842105    278.823529    212.384615    251.333333    143.333333
  2386.744873    200.444444    223.578947    261.000000    195.346154    239.666667    140.303030
  2391.752686    195.888889    236.947368    266.647059    203.576923    264.000000    147.060606
  2396.760498    199.814815    234.684211    257.352941    201.961538    253.166667    142.969697
  2401.768066    183.814815    223.157895    256.294118    196.846154    238.333333    134.000000
  2406.775879    161.740741    199.754386    218.117647    163.192308    218.166667    118.909091
  2411.783447    161.888889    185.017544    219.117647    162.692308    209.333333    121.515152
  2416.791260    154.703704    182.070175    201.647059    141.538462    189.833333    119.424242
  2421.799072    150.000000    174.859649    208.823529    150.538462    191.333333    115.939394
  2426.806641    153.925926    178.298246    194.000000    155.230769    207.166667    112.848485
  2431.814453    145.259259    175.456140    214.470588    156.115385    207.666667    114.424242
  2436.822021    151.703704    172.912281    202.058824    149.884615    197.500000    126.090909
  2441.829834    135.777778    165.491228    181.058824    137.730769    189.166667    105.454545
  2446.837402    136.629630    174.333333    216.823529    149.653846    234.833333    135.515152
  2451.845215    189.592593    183.807018    205.588235    133.230769    229.666667    156.212121
  2456.853027    143.111111    156.403509    205.823529    136.576923    164.500000    105.636364
  2461.860596    129.851852    158.859649    186.823529    131.807692    196.833333    112.939394
  2466.868408    162.962963    175.807018    194.470588    136.115385    176.500000    130.515152
  2471.876221    201.111111    218.035088    319.176471    169.884615    218.333333    184.939394
  2476.883789    240.037037    254.964912    319.294118    183.923077    251.000000    215.484848
  2481.891602    488.518519    511.438596    734.117647    386.192308    650.166667    463.484848
  2486.899414   1242.703704   1159.140351   1701.705882    940.923077   1312.000000   1225.090909
  2491.906982   2148.296296   2202.192982   3411.294118   1630.846154   1881.833333   2074.303030
  2496.914795   1234.333333   1251.631579   1427.941176   1021.807692   1312.666667   1002.454545
  2501.922363   1279.333333   1323.701754   1650.000000   1094.153846   1513.000000   1174.939394
  2506.930176   2891.407407   3039.666667   3846.235294   2451.692308   3036.166667   2375.848485
  2511.937988   8174.370370   8111.578947  10681.882353   6801.230769   8524.333333   6437.848485
